   1.000000    
  0.9999996    
  0.9999988    
  0.9999979    
  0.9999968    
  0.9999956    
  0.9999943    
  0.9999927    
  0.9999911    
  0.9999891    
  0.9999869    
  0.9999845    
  0.9999817    
  0.9999786    
  0.9999751    
  0.9999712    
  0.9999667    
  0.9999616    
  0.9999560    
  0.9999496    
  0.9999424    
  0.9999343    
  0.9999251    
  0.9999147    
  0.9999031    
  0.9998899    
  0.9998751    
  0.9998584    
  0.9998395    
  0.9998183    
  0.9997944    
  0.9997674    
  0.9997369    
  0.9997026    
  0.9996639    
  0.9996203    
  0.9995711    
  0.9995156    
  0.9994531    
  0.9993826    
  0.9993030    
  0.9992134    
  0.9991123    
  0.9989983    
  0.9988698    
  0.9987250    
  0.9985616    
  0.9983775    
  0.9981698    
  0.9979357    
  0.9976717    
  0.9973741    
  0.9970385    
  0.9966602    
  0.9962336    
  0.9957526    
  0.9952102    
  0.9945988    
  0.9939094    
  0.9931321    
  0.9922556    
  0.9912674    
  0.9901533    
  0.9888971    
  0.9874807    
  0.9858838    
  0.9840832    
  0.9820530    
  0.9797641    
  0.9771833    
  0.9742734    
  0.9709926    
  0.9672935    
  0.9631228    
  0.9584203    
  0.9531182    
  0.9471401    
  0.9403999    
  0.9328002    
  0.9242316    
  0.9145707    
  0.9036779    
  0.8913964    
  0.8775489    
  0.8619362    
  0.8443326    
  0.8244846    
  0.8021062    
  0.7768744    
  0.7484261    
  0.7163504    
  0.6801850    
  0.6394088    
  0.5934339    
  0.5415976    
  0.4831521    
  0.4172543    
  0.3429554    
  0.2591829    
  0.1647303    
  5.8236241E-02
  0.0000000E+00
