  0.9999996    
  0.9999987    
  0.9999979    
  0.9999970    
  0.9999959    
  0.9999945    
  0.9999930    
  0.9999913    
  0.9999894    
  0.9999874    
  0.9999850    
  0.9999823    
  0.9999793    
  0.9999759    
  0.9999720    
  0.9999678    
  0.9999629    
  0.9999575    
  0.9999513    
  0.9999443    
  0.9999365    
  0.9999275    
  0.9999174    
  0.9999062    
  0.9998934    
  0.9998789    
  0.9998625    
  0.9998440    
  0.9998231    
  0.9997995    
  0.9997730    
  0.9997429    
  0.9997091    
  0.9996709    
  0.9996278    
  0.9995791    
  0.9995242    
  0.9994623    
  0.9993925    
  0.9993138    
  0.9992250    
  0.9991248    
  0.9990119    
  0.9988846    
  0.9987409    
  0.9985790    
  0.9983963    
  0.9981903    
  0.9979580    
  0.9976960    
  0.9974006    
  0.9970675    
  0.9966920    
  0.9962685    
  0.9957910    
  0.9952525    
  0.9946452    
  0.9939605    
  0.9931883    
  0.9923175    
  0.9913355    
  0.9902281    
  0.9889795    
  0.9875714    
  0.9859837    
  0.9841931    
  0.9821740    
  0.9798971    
  0.9773298    
  0.9744347    
  0.9711699    
  0.9674884    
  0.9633369    
  0.9586555    
  0.9533764    
  0.9474233    
  0.9407104    
  0.9331404    
  0.9246042    
  0.9149782    
  0.9041233    
  0.8918827    
  0.8780795    
  0.8625141    
  0.8449617    
  0.8251686    
  0.8028486    
  0.7776793    
  0.7492970    
  0.7172914    
  0.6811999    
  0.6405010    
  0.5946065    
  0.5428532    
  0.4844929    
  0.4186825    
  0.3444708    
  0.2607852    
  0.1664164    
  6.0000475E-02
