   1.000000    
  0.9999977    
  0.9999952    
  0.9999927    
  0.9999899    
  0.9999869    
  0.9999836    
  0.9999800    
  0.9999761    
  0.9999717    
  0.9999670    
  0.9999617    
  0.9999560    
  0.9999496    
  0.9999426    
  0.9999348    
  0.9999261    
  0.9999164    
  0.9999058    
  0.9998940    
  0.9998808    
  0.9998662    
  0.9998499    
  0.9998317    
  0.9998115    
  0.9997888    
  0.9997636    
  0.9997355    
  0.9997041    
  0.9996689    
  0.9996296    
  0.9995857    
  0.9995366    
  0.9994819    
  0.9994205    
  0.9993520    
  0.9992753    
  0.9991896    
  0.9990937    
  0.9989864    
  0.9988664    
  0.9987320    
  0.9985816    
  0.9984132    
  0.9982247    
  0.9980136    
  0.9977773    
  0.9975127    
  0.9972164    
  0.9968846    
  0.9965131    
  0.9960970    
  0.9956311    
  0.9951094    
  0.9945253    
  0.9938712    
  0.9931387    
  0.9923183    
  0.9913996    
  0.9903709    
  0.9892187    
  0.9879284    
  0.9864833    
  0.9848649    
  0.9830524    
  0.9810225    
  0.9787491    
  0.9762030    
  0.9733515    
  0.9701579    
  0.9665812    
  0.9625753    
  0.9580889    
  0.9530642    
  0.9474367    
  0.9411339    
  0.9340749    
  0.9261689    
  0.9173142    
  0.9073970    
  0.8962899    
  0.8838500    
  0.8699175    
  0.8543131    
  0.8368363    
  0.8172623    
  0.7953395    
  0.7707860    
  0.7432863    
  0.7124866    
  0.6779910    
  0.6393561    
  0.5960851    
  0.5476216    
  0.4933425    
  0.4325499    
  0.3644623    
  0.2882042    
  0.2027952    
  0.1071371    
  0.0000000E+00
